METADATA_TAG	METADATA_VALUE
CONTACT_PERSON	Madlen Sohn (madlen.sohn@mdc-berlin.de)
CONTACT_LAB	MDC
SAMPLE_ID	41_Hf01_LiHe_Ct
EXPERIMENT_TYPE	StrandedTotalRNA-seq
EXPERIMENT_DATE	2013-08-10
EXPERIMENT_ID	41_Hf01_LiHe_Ct_mRNA_M_1
TECHNICAL_REPLICATE_ID	0
FULL_LENGTH_PROTOCOL_LINK	http://supportres.illumina.com/documents/documentation%5Cchemistry_documentation%5Csamplepreps_truseq%5Ctruseqstrandedmrna%5Ctruseq-stranded-mrna-sample-prep-guide-15031047-e.pdf
BIOLOGICAL_REPLICATE_ID	0
EXTRACTION_PROTOCOL	TRIzol RNA Isolation for Cells. TRIzol (Life Technologies, 15596-018) RNA Isolation, performed following the manufacturer instruction to isolate total RNA, used 1 ml TRIzol per Sample. Followed by Isopropyl alcohol/Ethanol precipitation
EXTRACTION_PROTOCOL_STARTING_NR_CELLS	unknown, check with Kiel
LIBRARY_GENERATION_PROTOCOL	Illumina TrueSeq stranded mRNA (Part # 15031047 Rev. E)
LIBRARY_GENERATION_INITIAL_INPUT_QNTY	500 ng total RNA
LIBRARY_GENERATION_PCR_F_PRIMER_SEQUENCE	5'-AATGATACGGCGACCACCGAGATCTACACTCTTTCCCTACACGACGCTCTTCCGATCT
LIBRARY_GENERATION_PCR_NUMBER_CYCLES	15
LIBRARY_GENERATION_PCR_POLYMERASE_TYPE	From mastermix of TruSeq stranded mRNA kit
LIBRARY_GENERATION_PCR_PRODUCT_ISOLATION_PROTOCOL	AmpureXP beads
LIBRARY_GENERATION_PCR_R_PRIMER_SEQUENCE	5'GATCGGAAGAGCACACGTCTGAACTCCAGTCAC GTCCGC ATCTCGTATGCCGTCTTCTGCTTG
LIBRARY_GENERATION_PCR_TEMPLATE_CONC	500 ng total RNA
LIBRARY_GENERATION_PCR_THERMOCYCLING_PROGRAM	30s 98°C, [10s 98°C, 30s 60°C, 30s 72°C] 15 cycles, 5 min 72°C, hold 4°C
LIBRARY_GENERATION_PCR_PRODUCT_LENGTH	318
LIBRARY_GENERATION_FRAGMENT_SIZE_SELECTION	none
LIBRARY_GENERATION_cDNA_FRAGMENTATION	Full-length cDNA was sheared using fragmentation mix from TruSeq kit, 8 min at 94°C
RNA_PROTOCOL_ENRICHMENT	Poly-A enriched total RNA
RNA_cDNA_PREPARATION_INITIAL_RNA_QNTY	500 ng total RNA
RNA_cDNA_PREPARATION_PCR_NUMBER_CYCLES	0
RNA_cDNA_PREPARATION_REVERSE_TRANSCRIPTION_PROTOCOL	16°C for 1h
RNA_EXTRACTION_PROTOCOL	Trizol (Life Technologies Cat. No. 15596-018)
RNA_EXTRACTION_PROTOCOL_FRAGMENTATION	0
RNA_PREPARATION_FRAGMENT_SIZE_RANGE	0
RNA_PREPARATION_INITIAL_QNTY	500 ng total RNA
RNA_PREPARATION_3'_RNA_ADAPTER_LIGATION_PROTOCOL	according to Illumina TruSeq stranded mRNA protocol
RNA_PREPARATION_3'_RNA_ADAPTER_SEQUENCE	according to Illumina TruSeq stranded mRNA protocol
RNA_PREPARATION_5'_DEPHOSPHORYLATION	according to Illumina TruSeq stranded mRNA protocol
RNA_PREPARATION_5'_PHOSPHORYLATION	according to Illumina TruSeq stranded mRNA protocol
RNA_PREPARATION_5'_RNA_ADAPTER_LIGATION_PROTOCOL	according to Illumina TruSeq stranded mRNA protocol
RNA_PREPARATION_5'_RNA_ADAPTER_SEQUENCE	according to Illumina TruSeq stranded mRNA protocol
RNA_PREPARATION_REVERSE_TRANSCRIPTION_PRIMER_SEQUENCE	according to Illumina TruSeq stranded mRNA protocol
RNA_PREPARATION_REVERSE_TRANSCRIPTION_PROTOCOL	according to Illumina TruSeq stranded mRNA protocol
SEQUENCING_PLATFORM	Illumina HiSeq 2500
SEQUENCING_PLATFORM_VERSION	2000
SEQUENCING_CYCLES	209
SEQUENCING_PE_TYPE	paired end
SEQUENCING_LANE	5-8
SEQUENCING_DATE	2013-10-16
SEQUENCING_RUN_TYPE	Multiplexed PE 2x101 + 7 Index
SEQUENCING_CHEMISTRY_VERSION	TruSeq 200 cycle kit v3
SEQUENCING_CLUSTER_GENERATION_KIT_VERSION	PE TruSeq Cluster Kit v3
SEQUENCING_PROCESSING_SOFTWARE_VERSION	CASAVA 1.8.2
SEQUENCING_CONTROL_SOFTWARE_VERSION	HCS 1.5.15 / RTA 1.13.48/ Recipe Fragment: 1.3.26
